10 0.452267 0.578867 0.410436 0.276368 0.135425
3 0.449965 0.627602 0.351687 0.359575 0.129964
10 0.452267 0.578867 0.410436 0.276368 0.135425
3 0.449965 0.627602 0.351687 0.359575 0.129964
10 0.452267 0.578867 0.410436 0.276368 0.135425
3 0.449965 0.627602 0.351687 0.359575 0.129964
10 0.452267 0.578867 0.410436 0.276368 0.135425
3 0.449965 0.627602 0.351687 0.359575 0.129964
10 0.452267 0.578867 0.410436 0.276368 0.135425
3 0.449965 0.627602 0.351687 0.359575 0.129964
10 0.452267 0.578867 0.410436 0.276368 0.135425
3 0.449965 0.627602 0.351687 0.359575 0.129964
10 0.452267 0.578867 0.410436 0.276368 0.135425
3 0.449965 0.627602 0.351687 0.359575 0.129964
