15 0.695034 0.760582 0.219904 0.380105 0.539631
3 0.438509 0.269431 0.197258 0.493668 0.407567
15 0.72195 0.260143 0.192542 0.407906 0.328744
3 0.525368 0.349534 0.0612238 0.434175 0.321567
15 0.436156 0.276642 0.202368 0.4997 0.275319
15 0.424556 0.524927 0.229067 0.471073 0.232843
15 0.141824 0.325065 0.203923 0.471756 0.227526
14 0.696943 0.764968 0.216189 0.368523 0.215719
15 0.867547 0.400819 0.264905 0.291423 0.210875
3 0.314239 0.343466 0.0641638 0.547644 0.210546
15 0.189125 0.498446 0.178152 0.510893 0.206645
13 0.425278 0.531556 0.22958 0.457737 0.195915
3 0.867266 0.400147 0.265468 0.289267 0.194794
3 0.693833 0.761491 0.225445 0.372287 0.192811
3 0.303513 0.347643 0.0588507 0.534372 0.188233
13 0.722619 0.256272 0.186403 0.401607 0.182983
17 0.695111 0.761264 0.222806 0.371501 0.174879
13 0.435504 0.281486 0.201557 0.514969 0.154914
15 0.633594 0.357098 0.0691598 0.448247 0.147952
3 0.204658 0.824438 0.409316 0.19365 0.145618
3 0.633672 0.349326 0.0450636 0.422519 0.141272
13 0.139501 0.346294 0.201859 0.518172 0.138339
3 0.207021 0.474455 0.0539033 0.459414 0.101532
