3 0.0604542 0.549737 0.0617023 0.508927 0.717248
15 0.477508 0.563594 0.259668 0.480663 0.512055
3 0.132863 0.57693 0.0434864 0.563062 0.301756
15 0.626108 0.561742 0.218203 0.493927 0.25389
13 0.622924 0.547487 0.216122 0.461083 0.231482
15 0.819947 0.560148 0.195702 0.494888 0.216461
3 0.141411 0.578515 0.0412353 0.584989 0.187343
15 0.246056 0.560406 0.195542 0.570896 0.162275
4 0.57283 0.561996 0.252751 0.491455 0.139529
13 0.475277 0.559256 0.263282 0.501117 0.136549
3 0.404393 0.926618 0.551215 0.0625657 0.114622
